-1.896749123109319479e-01
-1.310936337987419487e-01
-1.056177881251919443e-01
-9.060523931803164677e-02
-8.044646000951070908e-02
-7.299763300493705698e-02
-6.724047027343506289e-02
-6.262172428968529325e-02
-5.881176921369273697e-02
-5.560049371001667823e-02
-5.284686058596750613e-02
-5.045224406713821191e-02
-4.834534630204249256e-02
-4.647318656476240317e-02
-4.479547171097612857e-02
-4.328094470617367684e-02
-4.190493946426146477e-02
-4.064769790807807454e-02
-3.949318363730069253e-02
-3.842822792242348018e-02
-3.744190339276945445e-02
-3.652505702869753706e-02
-3.566995671450469418e-02
-3.487002011747322716e-02
-3.411960416490364412e-02
-3.341383974705042226e-02
-3.274850060242511657e-02
-3.211989833950456424e-02
-3.152479765681907159e-02
-3.096034732676743173e-02
-3.042402359473336468e-02
-2.991358343940416636e-02
-2.942702572757999180e-02
-2.896255873565902611e-02
-2.851857284112119251e-02
-2.809361743944435372e-02
-2.768638133546807295e-02
-2.729567600805143240e-02
-2.692042126371323521e-02
-2.655963288670741898e-02
-2.621241196553813352e-02
-2.587793563364518962e-02
-2.555544900819591361e-02
-2.524425814811499108e-02
-2.494372388258762202e-02
-2.465325638576160161e-02
-2.437231039339472771e-02
-2.410038097363778609e-02
-2.383699977770923836e-02
-2.358173170745741370e-02
-2.333417194615607440e-02
-2.309394330668797929e-02
-2.286069385781666630e-02
-2.263409479475353425e-02
-2.241383852487589465e-02
-2.219963694338898327e-02
-2.199121987707024217e-02
-2.178833367708528715e-02
-2.159073994430213417e-02
-2.139821437261940282e-02
-2.121054569761976830e-02
-2.102753473940785836e-02
-2.084899352982861470e-02
-2.067474451542079816e-02
-2.050461982846559644e-02
-2.033846061936568639e-02
-2.017611644435328075e-02
-2.001744470319287775e-02
-1.986231012212884631e-02
-1.971058427784080913e-02
-1.956214515862096659e-02
-1.941687675938471441e-02
-1.927466870747695377e-02
-1.913541591654653248e-02
-1.899901826603619601e-02
-1.886538030407917607e-02
-1.873441097181048620e-02
-1.860602334729372087e-02
-1.848013440743645486e-02
-1.835666480642085194e-02
-1.823553866931355155e-02
-1.811668339964202581e-02
-1.800002949983491377e-02
-1.788551040352306248e-02
-1.777306231878712783e-02
-1.766262408151787755e-02
-1.755413701812774327e-02
-1.744754481691756370e-02
-1.734279340746144871e-02
-1.723983084742625876e-02
-1.713860721629053077e-02
-1.703907451547168744e-02
-1.694118657441018305e-02
-1.684489896219560842e-02
-1.675016890435257130e-02
-1.665695520443452246e-02
-1.656521817010074907e-02
-1.647491954337709091e-02
-1.638602243482352797e-02
-1.629849126135290982e-02
-1.621229168746400606e-02
-1.612739056966975768e-02
-1.604375590391754133e-02
-1.596135677581316317e-02
-1.588016331347364210e-02
-1.580014664284645765e-02
-1.572127884534433792e-02
-1.564353291765521736e-02
-1.556688273359667016e-02
-1.549130300789317537e-02
-1.541676926176283047e-02
-1.534325779020764315e-02
-1.527074563090883089e-02
-1.519921053463486708e-02
-1.512863093707619844e-02
-1.505898593202613378e-02
-1.499025524583255144e-02
-1.492241921304994501e-02
-1.485545875322579444e-02
-1.478935534875936049e-02
-1.472409102377490731e-02
-1.465964832395490886e-02
-1.459601029728215850e-02
-1.453316047564284265e-02
-1.447108285724542365e-02
-1.440976188981301503e-02
-1.434918245450935922e-02
-1.428932985056090808e-02
-1.423018978053967355e-02
-1.417174833627360235e-02
-1.411399198535310921e-02
-1.405690755820420725e-02
-1.400048223570037574e-02
-1.394470353728684275e-02
-1.388955930959241518e-02
-1.383503771550545665e-02
-1.378112722369178103e-02
-1.372781659853353382e-02
-1.367509489046925091e-02
-1.362295142671632320e-02
-1.357137580235810888e-02
-1.352035787177894438e-02
-1.346988774043106525e-02
-1.341995575691839505e-02
-1.337055250538289781e-02
-1.332166879817991978e-02
-1.327329566882968007e-02
-1.322542436523266828e-02
-1.317804634313740099e-02
-1.313115325984948005e-02
-1.308473696817154426e-02
-1.303878951056415027e-02
-1.299330311351812837e-02
-1.294827018212944304e-02
-1.290368329486801628e-02
-1.285953519853234688e-02
-1.281581880338222498e-02
-1.277252717844212619e-02
-1.272965354696830795e-02
-1.268719128207285510e-02
-1.264513390249835667e-02
-1.260347506853708513e-02
-1.256220857808891880e-02
-1.252132836285242690e-02
-1.248082848464386434e-02
-1.244070313183905964e-02
-1.240094661593331080e-02
-1.236155336821476505e-02
-1.232251793654687289e-02
-1.228383498225565224e-02
-1.224549927711788069e-02
-1.220750570044625526e-02
-1.216984923626790796e-02
-1.213252497059278193e-02
-1.209552808876847470e-02
-1.205885387291834310e-02
-1.202249769945981650e-02
-1.198645503669992611e-02
-1.195072144250529031e-02
-1.191529256204377704e-02
-1.188016412559531748e-02
-1.184533194642934696e-02
-1.181079191874650353e-02
-1.177654001568230122e-02
-1.174257228737059060e-02
-1.170888485906468150e-02
-1.167547392931415039e-02
-1.164233576819534779e-02
-1.160946671559379660e-02
-1.157686317953664917e-02
-1.154452163457352250e-02
-1.151243862020404247e-02
-1.148061073935053265e-02
-1.144903465687430177e-02
-1.141770709813409203e-02
-1.138662484758526036e-02
-1.135578474741836402e-02
-1.132518369623581982e-02
-1.129481864776540889e-02
-1.126468660960940928e-02
-1.123478464202821124e-02
-1.120510985675727232e-02
-1.117565941585637115e-02
-1.114643053059009674e-02
-1.111742046033859649e-02
-1.108862651153760467e-02
-1.106004603664683880e-02
-1.103167643314588095e-02
-1.100351514255664201e-02
-1.097555964949164208e-02
-1.094780748072725525e-02
-1.092025620430117291e-02
-1.089290342863333955e-02
-1.086574680166964638e-02
-1.083878401004766817e-02
-1.081201277828381518e-02
-1.078543086798121851e-02
-1.075903607705774347e-02
-1.073282623899353416e-02
-1.070679922209749960e-02
-1.068095292879217388e-02
-1.065528529491643547e-02
-1.062979428904553027e-02
-1.060447791182791977e-02
-1.057933419533844087e-02
-1.055436120244733662e-02
-1.052955702620465839e-02
-1.050491978923964731e-02
-1.048044764317461984e-02
-1.045613876805298256e-02
-1.043199137178095481e-02
-1.040800368958262612e-02
-1.038417398346794945e-02
-1.036050054171335118e-02
-1.033698167835456032e-02
-1.031361573269135024e-02
-1.029040106880386302e-02
-1.026733607508016101e-02
-1.024441916375475742e-02
-1.022164877045778075e-02
-1.019902335377450078e-02
-1.017654139481493150e-02
-1.015420139679325609e-02
-1.013200188461678419e-02
-1.010994140448420731e-02
-1.008801852349290422e-02
-1.006623182925503110e-02
-1.004457992952221407e-02
-1.002306145181856498e-02
-1.000167504308183651e-02
-9.980419369312496305e-03
-9.959293115230508434e-03
-9.938294983939634925e-03
-9.917423696599047406e-03
-9.896677992102077132e-03
-9.876056626761910845e-03
-9.855558374004062469e-03
-9.835182024065448891e-03
-9.814926383699885959e-03
-9.794790275889881520e-03
-9.774772539564513876e-03
-9.754872029323296764e-03
-9.735087615165857397e-03
-9.715418182227264499e-03
-9.695862630518907455e-03
-9.676419874674775656e-03
-9.657088843702964567e-03
-9.637868480742363408e-03
-9.618757742824314561e-03
-9.599755600639183969e-03
-9.580861038307684693e-03
-9.562073053156875529e-03
-9.543390655500682065e-03
-9.524812868424870765e-03
-9.506338727576342518e-03
-9.487967280956662378e-03
-9.469697588719704073e-03
-9.451528722973341623e-03
-9.433459767585063160e-03
-9.415489817991437582e-03
-9.397617981011329932e-03
-9.379843374662794400e-03
-9.362165127983530441e-03
-9.344582380854869058e-03
-9.327094283829148735e-03
-9.309699997960460202e-03
-9.292398694638629927e-03
-9.275189555426424995e-03
-9.258071771899845787e-03
-9.241044545491504739e-03
-9.224107087336945454e-03
-9.207258618123909111e-03
-9.190498367944431937e-03
-9.173825576149733860e-03
-9.157239491207825460e-03
-9.140739370563793348e-03
-9.124324480502668533e-03
-9.107994096014862193e-03
-9.091747500664087295e-03
-9.075583986457708835e-03
-0.000000000000000000e+00
-0.000000000000000000e+00
-0.000000000000000000e+00
-0.000000000000000000e+00
-0.000000000000000000e+00
-0.000000000000000000e+00
-0.000000000000000000e+00
-0.000000000000000000e+00
-0.000000000000000000e+00
-0.000000000000000000e+00
-0.000000000000000000e+00
-0.000000000000000000e+00
-0.000000000000000000e+00
-0.000000000000000000e+00
-0.000000000000000000e+00
-0.000000000000000000e+00
-0.000000000000000000e+00
-0.000000000000000000e+00
-0.000000000000000000e+00
-0.000000000000000000e+00
-0.000000000000000000e+00
-0.000000000000000000e+00
-0.000000000000000000e+00
-0.000000000000000000e+00
-0.000000000000000000e+00
-0.000000000000000000e+00
-0.000000000000000000e+00
-0.000000000000000000e+00
-0.000000000000000000e+00
-0.000000000000000000e+00
-0.000000000000000000e+00
-0.000000000000000000e+00
-0.000000000000000000e+00
-0.000000000000000000e+00
-0.000000000000000000e+00
-0.000000000000000000e+00
-0.000000000000000000e+00
-0.000000000000000000e+00
-0.000000000000000000e+00
-0.000000000000000000e+00
-0.000000000000000000e+00
-0.000000000000000000e+00
-0.000000000000000000e+00
-0.000000000000000000e+00
-0.000000000000000000e+00
-0.000000000000000000e+00
-0.000000000000000000e+00
-0.000000000000000000e+00
-0.000000000000000000e+00
-0.000000000000000000e+00
-0.000000000000000000e+00
-0.000000000000000000e+00
-0.000000000000000000e+00
-0.000000000000000000e+00
-0.000000000000000000e+00
-0.000000000000000000e+00
-0.000000000000000000e+00
-0.000000000000000000e+00
-0.000000000000000000e+00
-0.000000000000000000e+00
-0.000000000000000000e+00
-0.000000000000000000e+00
-0.000000000000000000e+00
-0.000000000000000000e+00
-0.000000000000000000e+00
-0.000000000000000000e+00
-0.000000000000000000e+00
-0.000000000000000000e+00
-0.000000000000000000e+00
-0.000000000000000000e+00
-0.000000000000000000e+00
-0.000000000000000000e+00
-0.000000000000000000e+00
-0.000000000000000000e+00
-0.000000000000000000e+00
-0.000000000000000000e+00
-0.000000000000000000e+00
-0.000000000000000000e+00
-0.000000000000000000e+00
-0.000000000000000000e+00
-0.000000000000000000e+00
-0.000000000000000000e+00
-0.000000000000000000e+00
-0.000000000000000000e+00
-0.000000000000000000e+00
-0.000000000000000000e+00
-0.000000000000000000e+00
-0.000000000000000000e+00
-0.000000000000000000e+00
-0.000000000000000000e+00
-0.000000000000000000e+00
-0.000000000000000000e+00
-0.000000000000000000e+00
-0.000000000000000000e+00
-0.000000000000000000e+00
-0.000000000000000000e+00
-0.000000000000000000e+00
-0.000000000000000000e+00
-0.000000000000000000e+00
-0.000000000000000000e+00
-0.000000000000000000e+00
-0.000000000000000000e+00
-0.000000000000000000e+00
-0.000000000000000000e+00
-0.000000000000000000e+00
-0.000000000000000000e+00
-0.000000000000000000e+00
-0.000000000000000000e+00
-0.000000000000000000e+00
-0.000000000000000000e+00
-0.000000000000000000e+00
-0.000000000000000000e+00
-0.000000000000000000e+00
-0.000000000000000000e+00
-0.000000000000000000e+00
-0.000000000000000000e+00
-0.000000000000000000e+00
-0.000000000000000000e+00
-0.000000000000000000e+00
-0.000000000000000000e+00
-0.000000000000000000e+00
-0.000000000000000000e+00
-0.000000000000000000e+00
-0.000000000000000000e+00
-0.000000000000000000e+00
-0.000000000000000000e+00
-0.000000000000000000e+00
-0.000000000000000000e+00
-0.000000000000000000e+00
-0.000000000000000000e+00
-0.000000000000000000e+00
-0.000000000000000000e+00
-0.000000000000000000e+00
-0.000000000000000000e+00
-0.000000000000000000e+00
-0.000000000000000000e+00
-0.000000000000000000e+00
-0.000000000000000000e+00
-0.000000000000000000e+00
-0.000000000000000000e+00
-0.000000000000000000e+00
-0.000000000000000000e+00
-0.000000000000000000e+00
-0.000000000000000000e+00
-0.000000000000000000e+00
-0.000000000000000000e+00
-0.000000000000000000e+00
-0.000000000000000000e+00
-0.000000000000000000e+00
-0.000000000000000000e+00
-0.000000000000000000e+00
-0.000000000000000000e+00
-0.000000000000000000e+00
-0.000000000000000000e+00
-0.000000000000000000e+00
-0.000000000000000000e+00
-0.000000000000000000e+00
-0.000000000000000000e+00
-0.000000000000000000e+00
-0.000000000000000000e+00
-0.000000000000000000e+00
-0.000000000000000000e+00
-0.000000000000000000e+00
-0.000000000000000000e+00
-0.000000000000000000e+00
-0.000000000000000000e+00
-0.000000000000000000e+00
-0.000000000000000000e+00
-0.000000000000000000e+00
-0.000000000000000000e+00
-0.000000000000000000e+00
-0.000000000000000000e+00
-0.000000000000000000e+00
-0.000000000000000000e+00
-0.000000000000000000e+00
-0.000000000000000000e+00
-0.000000000000000000e+00
-0.000000000000000000e+00
-0.000000000000000000e+00
-0.000000000000000000e+00
-0.000000000000000000e+00
-0.000000000000000000e+00
-0.000000000000000000e+00
-0.000000000000000000e+00
-0.000000000000000000e+00
-0.000000000000000000e+00
-0.000000000000000000e+00
-0.000000000000000000e+00
-0.000000000000000000e+00
-0.000000000000000000e+00
-0.000000000000000000e+00
-0.000000000000000000e+00
-0.000000000000000000e+00
-0.000000000000000000e+00
-0.000000000000000000e+00
-0.000000000000000000e+00
-0.000000000000000000e+00
-0.000000000000000000e+00
-0.000000000000000000e+00
-0.000000000000000000e+00
-0.000000000000000000e+00
-0.000000000000000000e+00
-0.000000000000000000e+00
-0.000000000000000000e+00
-0.000000000000000000e+00
-0.000000000000000000e+00
-0.000000000000000000e+00
-0.000000000000000000e+00
-0.000000000000000000e+00
-0.000000000000000000e+00
-0.000000000000000000e+00
-0.000000000000000000e+00
-0.000000000000000000e+00
-0.000000000000000000e+00
-0.000000000000000000e+00
-0.000000000000000000e+00
-0.000000000000000000e+00
-0.000000000000000000e+00
-0.000000000000000000e+00
-0.000000000000000000e+00
-0.000000000000000000e+00
-0.000000000000000000e+00
-0.000000000000000000e+00
-0.000000000000000000e+00
-0.000000000000000000e+00
-0.000000000000000000e+00
-0.000000000000000000e+00
-0.000000000000000000e+00
-0.000000000000000000e+00
-0.000000000000000000e+00
-0.000000000000000000e+00
-0.000000000000000000e+00
-0.000000000000000000e+00
-0.000000000000000000e+00
-0.000000000000000000e+00
-0.000000000000000000e+00
-0.000000000000000000e+00
-0.000000000000000000e+00
-0.000000000000000000e+00
-0.000000000000000000e+00
-0.000000000000000000e+00
-0.000000000000000000e+00
-0.000000000000000000e+00
-0.000000000000000000e+00
-0.000000000000000000e+00
-0.000000000000000000e+00
-0.000000000000000000e+00
-0.000000000000000000e+00
-0.000000000000000000e+00
-0.000000000000000000e+00
-0.000000000000000000e+00
-0.000000000000000000e+00
-0.000000000000000000e+00
-0.000000000000000000e+00
-0.000000000000000000e+00
-0.000000000000000000e+00
-0.000000000000000000e+00
-0.000000000000000000e+00
-0.000000000000000000e+00
-0.000000000000000000e+00
-0.000000000000000000e+00
-0.000000000000000000e+00
-0.000000000000000000e+00
-0.000000000000000000e+00
-0.000000000000000000e+00
-0.000000000000000000e+00
-0.000000000000000000e+00
-0.000000000000000000e+00
-0.000000000000000000e+00
-0.000000000000000000e+00
-0.000000000000000000e+00
-0.000000000000000000e+00
-0.000000000000000000e+00
-0.000000000000000000e+00
-0.000000000000000000e+00
-0.000000000000000000e+00
-0.000000000000000000e+00
-0.000000000000000000e+00
-0.000000000000000000e+00
-0.000000000000000000e+00
-0.000000000000000000e+00
-0.000000000000000000e+00
-0.000000000000000000e+00
-0.000000000000000000e+00
-0.000000000000000000e+00
-0.000000000000000000e+00
-0.000000000000000000e+00
-0.000000000000000000e+00
-0.000000000000000000e+00
-0.000000000000000000e+00
-0.000000000000000000e+00
-0.000000000000000000e+00
-0.000000000000000000e+00
-0.000000000000000000e+00
-0.000000000000000000e+00
-0.000000000000000000e+00
-0.000000000000000000e+00
-0.000000000000000000e+00
-0.000000000000000000e+00
-0.000000000000000000e+00
-0.000000000000000000e+00
-0.000000000000000000e+00
-0.000000000000000000e+00
-0.000000000000000000e+00
-0.000000000000000000e+00
-0.000000000000000000e+00
-0.000000000000000000e+00
-0.000000000000000000e+00
-0.000000000000000000e+00
-0.000000000000000000e+00
-0.000000000000000000e+00
-0.000000000000000000e+00
-0.000000000000000000e+00
-0.000000000000000000e+00
-0.000000000000000000e+00
-0.000000000000000000e+00
-0.000000000000000000e+00
-0.000000000000000000e+00
-0.000000000000000000e+00
-0.000000000000000000e+00
-0.000000000000000000e+00
-0.000000000000000000e+00
-0.000000000000000000e+00
-0.000000000000000000e+00
-0.000000000000000000e+00
-0.000000000000000000e+00
-0.000000000000000000e+00
-0.000000000000000000e+00
-0.000000000000000000e+00
-0.000000000000000000e+00
-0.000000000000000000e+00
-0.000000000000000000e+00
-0.000000000000000000e+00
-0.000000000000000000e+00
-0.000000000000000000e+00
-0.000000000000000000e+00
-0.000000000000000000e+00
-0.000000000000000000e+00
-0.000000000000000000e+00
-0.000000000000000000e+00
-0.000000000000000000e+00
-0.000000000000000000e+00
-0.000000000000000000e+00
-0.000000000000000000e+00
-0.000000000000000000e+00
-0.000000000000000000e+00
-0.000000000000000000e+00
-0.000000000000000000e+00
-0.000000000000000000e+00
-0.000000000000000000e+00
-0.000000000000000000e+00
-0.000000000000000000e+00
-0.000000000000000000e+00
-0.000000000000000000e+00
-0.000000000000000000e+00
-0.000000000000000000e+00
-0.000000000000000000e+00
-0.000000000000000000e+00
-0.000000000000000000e+00
-0.000000000000000000e+00
-0.000000000000000000e+00
-0.000000000000000000e+00
-0.000000000000000000e+00
-0.000000000000000000e+00
-0.000000000000000000e+00
-0.000000000000000000e+00
-0.000000000000000000e+00
-0.000000000000000000e+00
-0.000000000000000000e+00
-0.000000000000000000e+00
-0.000000000000000000e+00
-0.000000000000000000e+00
-0.000000000000000000e+00
-0.000000000000000000e+00
-0.000000000000000000e+00
-0.000000000000000000e+00
-0.000000000000000000e+00
-0.000000000000000000e+00
-0.000000000000000000e+00
-0.000000000000000000e+00
-0.000000000000000000e+00
-0.000000000000000000e+00
-0.000000000000000000e+00
-0.000000000000000000e+00
-0.000000000000000000e+00
-0.000000000000000000e+00
-0.000000000000000000e+00
-0.000000000000000000e+00
-0.000000000000000000e+00
-0.000000000000000000e+00
-0.000000000000000000e+00
-0.000000000000000000e+00
-0.000000000000000000e+00
-0.000000000000000000e+00
-0.000000000000000000e+00
-0.000000000000000000e+00
-0.000000000000000000e+00
-0.000000000000000000e+00
-0.000000000000000000e+00
-0.000000000000000000e+00
-0.000000000000000000e+00
-0.000000000000000000e+00
-0.000000000000000000e+00
-0.000000000000000000e+00
-0.000000000000000000e+00
-0.000000000000000000e+00
-0.000000000000000000e+00
-0.000000000000000000e+00
-0.000000000000000000e+00
-0.000000000000000000e+00
-0.000000000000000000e+00
-0.000000000000000000e+00
-0.000000000000000000e+00
-0.000000000000000000e+00
-0.000000000000000000e+00
-0.000000000000000000e+00
-0.000000000000000000e+00
-0.000000000000000000e+00
-0.000000000000000000e+00
-0.000000000000000000e+00
-0.000000000000000000e+00
-0.000000000000000000e+00
-0.000000000000000000e+00
-0.000000000000000000e+00
-0.000000000000000000e+00
-0.000000000000000000e+00
-0.000000000000000000e+00
-0.000000000000000000e+00
-0.000000000000000000e+00
-0.000000000000000000e+00
-0.000000000000000000e+00
-0.000000000000000000e+00
-0.000000000000000000e+00
-0.000000000000000000e+00
-0.000000000000000000e+00
-0.000000000000000000e+00
-0.000000000000000000e+00
-0.000000000000000000e+00
-0.000000000000000000e+00
-0.000000000000000000e+00
-0.000000000000000000e+00
-0.000000000000000000e+00
-0.000000000000000000e+00
-0.000000000000000000e+00
-0.000000000000000000e+00
-0.000000000000000000e+00
-0.000000000000000000e+00
-0.000000000000000000e+00
-0.000000000000000000e+00
-0.000000000000000000e+00
-0.000000000000000000e+00
-0.000000000000000000e+00
-0.000000000000000000e+00
-0.000000000000000000e+00
-0.000000000000000000e+00
-0.000000000000000000e+00
-0.000000000000000000e+00
-0.000000000000000000e+00
-0.000000000000000000e+00
-0.000000000000000000e+00
-0.000000000000000000e+00
-0.000000000000000000e+00
-0.000000000000000000e+00
-0.000000000000000000e+00
-0.000000000000000000e+00
-0.000000000000000000e+00
-0.000000000000000000e+00
-0.000000000000000000e+00
-0.000000000000000000e+00
-0.000000000000000000e+00
-0.000000000000000000e+00
-0.000000000000000000e+00
-0.000000000000000000e+00
-0.000000000000000000e+00
-0.000000000000000000e+00
-0.000000000000000000e+00
-0.000000000000000000e+00
-0.000000000000000000e+00
-0.000000000000000000e+00
-0.000000000000000000e+00
-0.000000000000000000e+00
-0.000000000000000000e+00
-0.000000000000000000e+00
-0.000000000000000000e+00
-0.000000000000000000e+00
-0.000000000000000000e+00
-0.000000000000000000e+00
-0.000000000000000000e+00
-0.000000000000000000e+00
-0.000000000000000000e+00
-0.000000000000000000e+00
-0.000000000000000000e+00
-0.000000000000000000e+00
-0.000000000000000000e+00
-0.000000000000000000e+00
-0.000000000000000000e+00
-0.000000000000000000e+00
-0.000000000000000000e+00
-0.000000000000000000e+00
-0.000000000000000000e+00
